130 Ludwig Hindenlang,

5, 2, 5, 7,5, II 9, 14, 14,2; 10, 1, 2, 15, 6, 16,8; 11,

114, 11, 5, 5, 7, 14,5, 9, 18, 1, ΠΙ 1, 4, w,

9,3;113,2;6,,4,7,71,10,2,16,4,23,3,111,

5,,,.7115 6211021246,
ἀμειγήςο.,,1185 17,1.10,9,,11 11, 3,111112
ἀνάλογος Ι l, 5, 8, 6, 9,6, θερμαντικός 113, 6, 011 ,

Π13,8,.,,,,01165183 1,.3
’ Ι14,10. θρεπτικὸς (1112, 5.
ἀπονεύω 0111 22, 2. 1ςομήκης 0. Π 9, 2.
ἀπόρημα (1.1 12, 7, 18, 3, ἰςοςκελής (11116.

11 6, 9. καταβορρος C. H 9, 6, κατα·
ἀςυμμετρία 0. I 1, 3, ΠΙ 22,3, βόρειος Π, 8, 1.

11 2, 4. κατάλοιπος ΠΙ 7, 2, CIII 5, 3.
ἀςύμφωνος VIII 8,1, 0113, κὸλαςις C. Π 14, 4, ΠΙ18,2.

4, 22, 4. κολλώδη( C. V 16, 4.
διαγραφή Ι 13, 2, III 13, 1. κύηςις III 5, 5, 114, 8, VIII
διακριτικὸς 0111, 3. 2, 4, 01 12, 8, 11 1,4.
διαπάω ΠΙ 18, 5. κώλυςις (1.1 17, 8.
διαφωνὲαι 1Π 9, 8. μαλακότης Ι 4, 1, 5, 4, ΠΙ 5,
·διάχυςις Ο.114,7, 12,2. 4, 13, 1, 4, 1, 6, 2,1Ι
διοριςμόςο.116,13,Π,4,7, 28, 4,5, 0.,,1103111,

11147. 3,,1Π9 3, 11, 511
ἐκτίκτω 1112, 2, 0.13,4; 18, 12

11,3, 11 6, 4. μανότης I 1, 6, 5,4, 13,1;
ἔλλειψις (11153, 114,3. 4, 1, 6, 2, VIII 9, 1, CI
ἐναντιότης 0.11120,3,117,8. 3, 2, 8, 2, 10, 7, 21,3;
ἐναπολαμβὰνω 1 5, 6, 0. Π 1, Π 4, 10, 11, 4, 14, 5, 1ss

3,5; 9, 8. 7,1; 24,3,112,9,13,1;
ἐξαλλαγή Π2, 10,11, 016, 16, 3.

2, 114, 5, 13, 11 15, 2. μελιτουργὸς VI 2, 3.
εὐκραςία 01 21, 5, ΙΙ l, 6, μεριςμὸς I 1, 11, VII 11,1·‚

7, 5, 8, 1,11121, 1, 11 0.Ι 12, 6, 16, 5, 1169.

3, 3, 5,1, 111, 2, 11 μεταλλεύω 01132.

20, 3. μεταςχηματίζω 011 7, 2.
εὐτροφία III 9, 5, 11 11, 4, οἰκοδομικός 111 8, 5.

1 2, 2, O. 1 0, 10, 17, 9, 21, ὀλιγαχοῦ 112, 7.

3, 111,5,6, 3,8; 8,4, ὁμαλότης15, 3.

 

