Ludwig Hindenlang,

Verzeiohnis
der textkritinah behandolten oder orlautorton Stollon.

Historiae plantarum:

1 1,1-5 S. 391. lv 1,12 S. 27.
3, 1 179 f. 6, 1 81 1185.
12 118. 6,10 121.
19 27. 12 23.
7,1 21. 7,1 115.
10,8 89. 17 bos.
11, 2 126. 10, 1 611,
115 ¹50.10‚3 137.
11 12 56. 113 13.
6,1 19. ’ V 7,1 13.
19 19 u. 91. ’ 8,2 31.
111 2,3 21. Vl 3‚1
12 12. 7,1
113 31. Vll 3,5
12,1 31. 1 13
112 12. 1 12
111 12. 3 111
115 12. v111 7,6
lv 11 11, IX 1‚1
am a aa
11 19 u. 12. 12
12 11. ἱ 13

Causae plantarum:

1 11 s. 311, 11 16 s. 37.
33. 11,10 aa
111. 111 aa.
11 , 119 12.
11 111 16 711.
111. aa 311
166. 111 .
161. 116 aa.
111. 111
aa 111

116 aa. 1v 1,3
119 71. 11
111 161111. 111
111 11. 111
11 11 19. 111

 

